100
0 92 774 875 994 1053 1062 1099 1233 1268 1295 1472 1541 1724 1744 1751 1790 1810 1850 1950 2004 2058 2100 2127 2182 2325 2416 2482 2549 2710 2746 2770 2967 2976 3212 3258 3261 3335 3365 3491 3810 3921 4155 4203 4251 4430 4935 4982 5242 5434 5472 5489 5609 5644 5657 5824 6017 6068 6224 6232 6391 6429 6452 6599 6781 6958 7042 7084 7091 7163 7237 7270 7285 7360 7379 7489 7549 7569 7904 7974 8353 8587 8634 8714 8838 8995 9286 9327 9393 9576 9700 9727 9862 9863 9872 9936 9977 
1 56 180 234 245 330 396 467 608 614 693 757 764 899 1304 1321 1425 1544 1575 1698 1730 1785 1891 2118 2199 2251 2323 2353 2644 2667 2669 2884 2973 2984 3012 3018 3047 3219 3330 3335 3524 3548 3573 3765 3789 3807 3894 4035 4066 4177 4232 4335 4755 4795 4894 4903 4996 5009 5011 5077 5293 5433 5738 5782 5841 5887 5962 6044 6071 6092 6140 6202 6249 6498 6735 6892 7111 7286 7510 7609 7631 7689 7775 7777 8164 8252 8283 8294 8325 8434 8495 8552 8807 9008 9045 9113 9119 9424 9553 9600 9753 
2 56 111 120 299 300 373 377 463 491 647 846 883 976 981 1157 1305 1426 1437 1486 1557 1607 1709 1723 2310 2366 2385 2486 2622 2702 2807 2882 3182 3356 3424 3444 3463 3629 3817 3818 3850 4058 4109 4417 4439 4466 4759 4886 5069 5084 5266 5285 5379 5459 5780 5802 5805 5960 6090 6106 6148 6149 6160 6288 6326 6394 6411 6520 6576 6697 6862 6899 7146 7206 7368 7381 7503 7517 7523 7529 7616 7705 8201 8258 8338 8343 8451 8644 8649 8682 8726 8851 8906 9006 9064 9226 9278 9523 9752 9803 
3 54 250 430 567 813 861 1129 1178 1216 1222 1223 1454 1484 1489 1539 1596 1718 1754 1785 1817 1826 2147 2229 2319 2413 2580 2671 2688 2779 2871 3037 3059 3135 3266 3276 3368 3663 3692 3693 3785 3970 4010 4152 4281 4323 4342 4468 4476 4682 4743 4872 5042 5061 5078 5100 5353 5356 5385 5393 5472 5516 5520 5704 5846 5926 5949 5950 5967 6050 6054 6152 6411 6455 6679 6877 6880 7376 7378 7539 7660 7756 7791 7877 8078 8155 8217 8410 8433 8490 8536 8623 8651 8662 8727 8807 9001 9148 9403 9528 9571 9705 9811 9978 
4 198 320 450 529 628 694 753 876 879 919 980 983 1020 1080 1179 1293 1306 1525 1835 1872 1892 1980 1994 2033 2244 2453 2476 2824 2828 2884 2949 2963 2997 3069 3423 3451 3500 3747 4245 4259 4267 4304 4354 4451 4619 4802 4968 5072 5137 5160 5324 5386 5441 5497 5518 5533 5883 5970 6237 6294 6316 6345 6537 6544 6627 6679 6724 6795 6848 6881 6902 6969 7235 7240 7242 7324 7327 7478 7861 7893 7931 8204 8206 8214 8384 8690 9190 9191 9246 9300 9317 9504 9698 9762 9834 9922 9972 
5 57 202 213 286 388 551 580 824 893 911 980 1001 1007 1047 1111 1365 1466 1545 1805 1911 2069 2145 2165 2216 2232 2491 2494 2590 2682 2941 3073 3098 3132 3346 3447 3545 3638 3731 3805 3830 3836 3976 4005 4026 4093 4287 4341 4408 4611 4714 4842 4894 4931 5152 5260 5323 5391 5550 5774 5817 5844 5848 5854 5926 5936 5955 5991 6080 6147 6341 6451 6546 6735 6738 6929 6946 6978 7034 7131 7141 7151 7235 7248 7403 7444 7688 7919 7969 7970 7981 8082 8145 8683 8712 8763 8764 8839 8931 8959 8961 9222 9314 9543 
6 23 186 329 372 585 618 846 886 1021 1085 1167 1341 1492 1524 1548 1618 1669 1872 1989 2132 2158 2345 2464 2610 2634 2736 3016 3095 3209 3283 3416 3584 3883 3936 3941 4311 4504 4522 4559 4567 4698 4703 4786 4828 4829 4903 4957 5125 5226 5536 5555 5568 5641 5761 5813 5907 5936 6260 6402 6732 6922 6930 7007 7080 7126 7213 7298 7315 7545 7730 7732 7804 7849 7963 7998 8009 8032 8061 8132 8181 8395 8498 8542 8620 9296 9593 9604 9655 9711 9732 9829 9877 9936 9954 
7 133 155 281 288 375 469 475 568 708 781 824 831 925 943 989 1140 1243 1256 1284 1312 1313 1455 1618 1673 1756 1832 1900 2025 2034 2038 2043 2047 2246 2461 2499 2532 2666 2695 2791 2964 2991 3058 3093 3228 3302 3368 3526 3866 3893 3895 4067 4081 4278 4340 4519 4532 4587 4737 4814 4868 4873 5034 5082 5116 5236 5374 5389 5483 5501 5545 5620 5723 5738 5948 6000 6409 6563 6568 6692 6770 6857 6925 6961 7114 7182 7278 7362 7402 7558 7856 8324 8354 8395 8578 8792 8830 8844 8911 8992 9244 9256 9362 9563 9771 9792 9851 9887 
8 9 50 101 232 335 443 573 672 820 824 842 1018 1203 1274 1424 1460 1646 1658 1686 1702 1863 2023 2093 2302 2324 2358 2424 2492 2663 2666 3009 3377 3402 3607 3940 3973 4153 4295 4296 4307 4323 4527 4581 4654 4706 4837 4862 4911 4962 5000 5121 5201 5205 5387 5638 5766 5774 5797 5843 5914 5916 5995 6175 6208 6274 6455 6686 6931 6946 7053 7081 7111 7218 7431 7615 7658 7944 8089 8190 8317 8338 8399 8431 8448 8504 8596 8647 8776 8780 8799 8840 8947 8959 9134 9226 9231 9242 9273 9593 9642 9667 9766 9792 9874 9932 
9 35 38 51 136 192 293 356 372 385 617 633 812 891 1219 1220 1244 1305 1328 1342 1546 1558 1566 1579 1654 1730 1752 1788 1796 1905 1939 2185 2243 2721 2724 2831 3075 3085 3096 3146 3172 3257 3268 3308 3325 3536 3585 3629 3676 3745 3764 4092 4173 4403 4515 4612 4769 4910 4933 4981 5002 5058 5076 5126 5304 5676 5694 5767 5868 5929 6008 6009 6072 6102 6157 6349 6436 6576 6607 6666 6799 6952 7183 7227 7305 7445 7536 7576 7655 7848 7898 7954 8002 8037 8268 8461 8528 8624 8701 8891 9002 9084 9088 9149 9260 9321 9388 9563 9625 9898 
10 0 10 96 177 180 251 352 533 541 868 940 1021 1338 1344 1486 1614 1627 1822 1844 1979 2192 2418 2444 2491 2609 2747 2821 2841 2872 2889 3055 3129 3360 3417 3445 3542 3590 3800 3878 3899 4035 4039 4113 4114 5245 5290 5359 5367 5453 5604 5793 5843 6009 6031 6083 6265 6335 6356 6357 6501 6690 6843 6944 6993 7020 7170 7267 7281 7437 7457 7701 7795 7825 7837 7901 7969 8051 8129 8254 8271 8283 8345 8451 8638 8693 8722 9087 9181 9191 9326 9429 9460 9509 9520 9574 9656 9671 9859 9957 
11 230 523 689 764 982 1016 1177 1263 1427 1451 1642 2347 2351 2618 2800 2959 2984 3122 3151 3191 3264 3334 3341 3356 3390 3496 3558 3684 3914 3921 3962 4109 4321 4479 4490 4583 4614 4653 4670 4694 4932 4938 4940 4961 5072 5091 5274 5337 5418 5715 5835 6156 6159 6195 6214 6407 6543 6546 6713 6829 6883 6913 6931 6969 7112 7207 7211 7527 7562 7613 7682 7725 7763 7863 7888 7968 8010 8062 8107 8126 8247 8249 8276 8380 8530 8817 8890 8899 9053 9104 9110 9443 9578 9660 9706 9713 9779 9880 9912 9932 9949 
12 176 345 427 465 475 490 609 639 712 731 758 778 814 838 849 1212 1295 1340 1357 1358 1423 1556 2093 2109 2160 2177 2422 2505 2515 2577 2591 2602 2744 2790 2830 2841 2858 3019 3248 3298 3326 3433 3579 3600 3641 4029 4076 4100 4247 4355 4428 4677 4699 4713 4775 4837 5015 5144 5171 5198 5221 5263 5370 5459 5494 5725 5875 5951 5978 6154 6231 6278 6300 6343 6381 6455 6462 6492 6506 6744 6932 7080 7110 7305 7369 7603 7694 7784 7790 7846 7850 7956 8066 8158 8225 8234 8250 8316 8573 8579 8632 8762 8787 8972 9059 9113 9192 9284 9389 9410 9416 9451 9490 9534 9710 
13 4 262 353 369 383 590 1020 1144 1446 1481 1517 1626 1666 1745 1866 1959 2008 2087 2146 2166 2470 2573 2622 2730 2763 2830 2880 2937 3080 3247 3455 3726 3800 3840 4018 4105 4330 4585 4684 4733 4993 5026 5135 5211 5325 5406 5492 5528 5544 5552 5620 5775 5802 5879 5890 5983 6078 6089 6211 6308 6309 6438 6466 6541 6595 6643 6944 6971 7017 7267 7279 7395 7397 7436 7621 7679 7812 7877 8061 8161 8311 8411 8702 8757 8858 8982 9153 9287 9329 9336 9599 9788 9821 9856 9913 
14 11 103 279 421 622 688 811 904 1172 1186 1534 1602 1614 1665 1712 1720 1800 1874 1905 2122 2259 2372 2385 2452 2543 2599 2669 2755 3028 3036 3096 3224 3255 3362 3638 3651 3652 3677 3761 3766 3789 4567 4698 4711 4778 4786 5029 5041 5102 5161 5215 5336 5342 5422 5528 5670 5781 5789 6000 6075 6126 6242 6367 6469 6584 6588 6679 6710 6845 6884 6919 7174 7429 7481 7623 7731 8126 8289 8357 8492 8709 8764 8841 9026 9114 9259 9272 9410 9543 9647 9649 9687 9710 9728 9749 9905 9920 9945 9986 
15 162 286 355 410 541 683 896 898 984 1139 1178 1305 1363 1395 1613 1773 1936 1949 2014 2066 2218 2295 2529 2656 2659 2714 2781 2792 2817 2885 2892 2917 3019 3055 3229 3460 3637 3728 3755 3774 3851 3897 4056 4121 4136 4173 4175 4402 4650 4666 4682 4713 4827 4916 4959 4969 5080 5154 5249 5254 5347 5379 5665 5698 5837 5943 6229 6409 6656 6767 6911 6977 7084 7273 7412 7431 7696 7832 7868 8030 8129 8174 8414 8564 8589 8806 8855 9034 9140 9269 9292 9364 9427 9549 9645 9670 9764 9881 
16 54 58 143 207 211 336 484 491 547 597 752 764 765 903 922 1020 1155 1214 1439 1562 1565 1622 1715 1819 1913 2246 2289 2309 2388 2511 2541 2609 2844 2900 2941 2992 3018 3034 3187 3251 3359 3461 3527 3618 3689 3733 3791 3820 3924 3945 4016 4085 4159 4220 4294 4344 4357 4704 4924 5116 5192 5195 5504 5971 6025 6264 6311 6386 6407 6441 6538 6569 6612 6676 6704 6720 6886 6978 7165 7172 7291 7309 7316 7350 7432 7448 7479 7487 7655 7798 8258 8269 8337 8396 8400 8481 8684 8771 8822 8824 8832 8855 9122 9194 9360 9373 9505 9581 9632 9646 9705 9722 9725 9740 9929 9964 
17 404 457 498 578 720 1033 1148 1188 1268 1336 1393 1524 1533 1542 1644 1694 1786 1795 1863 1900 1985 2102 2263 2316 2563 2585 2756 2789 2801 2868 2995 3059 3248 3281 3378 3415 3605 3606 3692 3709 3882 3990 4030 4039 4200 4907 4926 5155 5161 5561 5584 5648 5764 5860 5861 5994 6022 6091 6167 6184 6258 6308 6372 6397 6579 6700 7047 7145 7152 7226 7364 7441 7442 7549 7646 8006 8031 8082 8221 8459 8490 8565 8600 8721 8727 8882 8890 9225 9346 9446 9515 9814 9839 9950 
18 410 430 433 435 456 685 686 769 824 967 974 1046 1069 1133 1152 1208 1293 1299 1303 1579 1584 1598 1652 1735 1798 2348 2460 2691 2777 2867 2875 2942 2949 3045 3140 3352 3940 3952 4020 4271 4406 4503 4536 4592 4670 4683 4730 4736 4766 4820 4821 4878 4957 5060 5122 5254 5261 5553 5583 5677 5715 5750 5809 5920 5970 6050 6075 6285 6454 6587 6644 6748 6795 6980 7529 7588 7591 7597 7687 7750 7917 7922 7925 7983 8499 8538 8608 8719 8721 8751 8909 9040 9464 9604 9636 9875 9901 9912 
19 68 262 367 465 483 509 665 675 692 739 870 1038 1053 1090 1190 1209 1222 1242 1245 1299 1309 1408 1932 2012 2129 2228 2324 2360 2408 2439 2482 2531 2567 2587 2734 3003 3006 3056 3126 3203 3366 3465 3662 3825 3844 3908 4159 4370 4379 4412 4461 4488 4761 4788 5096 5180 5408 5475 5529 5754 5756 5783 5819 5981 6000 6095 6112 6132 6253 6314 6370 6455 6738 6921 7001 7113 7206 7394 7404 7550 7662 7785 7819 7989 8080 8145 8224 8298 8434 8514 8596 8607 8823 8902 8937 9158 9301 9407 9496 9523 9558 9569 9704 
20 105 173 219 312 550 566 658 712 992 1003 1134 1176 1204 1208 1234 1242 1261 1271 1365 1456 1537 1654 1661 2222 2291 2327 2351 2449 2464 2583 2779 2899 2938 3006 3058 3060 3373 3582 3627 3757 4084 4181 4384 4454 4660 4766 4769 4773 4950 5094 5121 5247 5405 5581 5595 5678 5688 5690 5757 5939 5978 6036 6095 6521 6646 6703 6744 6816 6897 7198 7286 7306 7466 7512 7600 7771 7788 7988 8104 8115 8127 8128 8161 8181 8326 8374 8469 8563 8681 8842 8889 8917 8971 9085 9187 9295 9463 9532 9578 9579 9648 9839 9948 
21 41 68 138 563 592 652 687 836 1122 1271 1357 1529 1681 1804 1870 1889 1898 2038 2061 2129 2130 2147 2172 2182 2474 2618 2641 2722 2740 3440 3502 3535 3690 3912 3972 4228 4355 4461 4512 4550 4675 4686 4759 4935 5188 5359 5372 5498 5513 5926 5959 6035 6089 6163 6228 6362 6414 6444 6471 6539 6584 6715 6824 6998 7011 7273 7310 7451 7463 7632 7691 8087 8151 8200 8226 8251 8259 8293 8308 8474 8563 8592 8661 8707 8722 8766 8778 8787 8791 8912 9019 9158 9164 9277 9702 9759 9906 
22 2 88 277 340 549 581 685 692 716 785 802 834 972 1134 1196 1384 1670 1690 1788 2173 2186 2412 2608 2625 2740 2752 2770 2888 2973 3022 3181 3215 3247 3438 3473 3601 3708 3742 3824 3851 4105 4189 4280 4476 4826 4855 4856 4955 5049 5248 5606 5712 5738 5748 5775 5780 5958 6180 6362 6372 6473 6510 6670 6688 6694 6733 6772 6923 6960 7073 7140 7179 7216 7322 7353 7685 7706 7736 7807 7858 7860 7918 8088 8183 8261 8438 8445 8520 8625 8667 9097 9145 9151 9345 9462 9784 9810 9842 9893 
23 304 337 344 357 401 428 652 745 793 801 871 954 1088 1339 1428 1590 1617 1748 1922 1976 2038 2199 2223 2245 2320 2389 2525 2790 2815 2863 3108 3153 3260 3289 3889 3911 4077 4263 4289 4358 4409 4421 4464 4770 4772 4881 4946 4963 4992 5046 5200 5277 5299 5337 5351 5359 5600 5751 5781 5890 6073 6322 6344 6386 6395 6408 6484 6524 6548 6612 6711 6733 6773 6945 6951 7044 7062 7099 7217 7269 7313 7315 7343 7495 7599 7619 7765 7885 8059 8061 8332 8409 8571 8670 8679 8873 8977 8995 9014 9032 9124 9140 9150 9174 9274 9518 9946 
24 88 157 212 445 473 1038 1129 1160 1245 1320 1569 1637 1697 1819 1862 1941 1996 2059 2083 2226 2249 2264 2535 2616 2622 2794 3002 3051 3134 3495 3496 3599 3608 3628 3970 4037 4123 4159 4261 4270 4707 4738 4816 4868 5294 5522 5538 5654 5689 5831 5869 5885 5982 6004 6103 6114 6162 6367 6414 6444 6518 6524 6581 6594 6652 6771 6816 6919 6990 7025 7029 7093 7132 7206 7330 7354 7417 7488 7540 7571 7856 7859 7894 8064 8123 8191 8237 8240 8276 8314 8377 8500 8706 8776 8951 9156 9233 9392 9425 9454 9568 9815 9922 
25 107 196 212 246 358 526 606 635 795 837 893 961 984 989 1061 1319 1573 1671 1772 1806 1814 1962 1996 2009 2021 2073 2364 2385 2452 2462 2469 2688 2747 2839 2956 3006 3103 3126 3208 3209 3223 3350 3472 3497 3561 3586 3752 3942 3949 3967 4172 4186 4347 4401 4447 4449 4461 4524 4728 5081 5153 5289 5352 5396 5437 5441 5514 5546 5941 5991 6129 6440 6457 6810 6882 6885 6967 7065 7279 7419 7529 7565 7622 7641 7714 7763 7915 7977 7982 8000 8229 8238 8331 8783 8786 8901 9064 9067 9088 9228 9343 9434 9543 9564 9573 9580 9595 9621 9812 9853 9948 9978 
26 58 273 316 333 434 583 626 691 955 1088 1135 1469 1865 1899 1959 2070 2098 2103 2352 2368 2519 2574 2658 2750 2819 2932 2959 3194 3480 3542 3580 3681 3709 3723 3948 3984 4039 4470 4496 4608 4675 4779 4945 5133 5346 5374 5411 5475 5496 5508 5566 5623 5766 5810 6020 6062 6187 6190 6328 6348 6403 6438 6627 6632 6814 7022 7280 7453 7581 7707 7881 8037 8121 8154 8186 8448 8562 8712 8727 8737 8933 9025 9275 9339 9404 9579 9706 9774 9785 9806 9859 9893 9899 
27 10 170 322 418 475 644 679 734 872 987 1010 1145 1249 1269 1436 1444 1516 1565 1573 1845 1914 2160 2174 2341 2347 2682 2823 2838 2903 3044 3150 3168 3267 3295 3324 3382 3420 3500 3640 3673 3784 3961 4011 4378 4454 4533 4556 4565 4845 4881 4916 4981 5141 5232 5239 5259 5352 5449 5515 5800 6028 6070 6242 6364 6410 6445 6505 6800 6902 7005 7054 7081 7223 7251 7394 7424 7465 7486 7622 7970 7979 7982 8013 8340 8394 8549 8622 8672 8750 8981 9004 9127 9186 9274 9298 9342 9373 9442 9505 9709 9841 
28 29 34 342 457 511 944 999 1241 1320 1433 1550 1634 1660 1724 1743 1816 1823 1891 1967 2470 2480 2563 2599 2650 2732 2773 2820 3020 3082 3283 3440 3629 3640 3758 3823 4012 4102 4112 4254 4358 4400 4437 4607 4626 4796 4800 4817 5026 5086 5087 5116 5156 5159 5191 5335 5349 5407 5529 5668 5689 6177 6448 6657 6817 6876 7241 7441 7444 7567 7620 7661 7665 7683 7705 7724 7833 7840 7871 7932 8003 8164 8218 8352 8381 8426 8524 8542 8720 8768 8830 8942 8962 9111 9114 9145 9167 9210 9439 9617 9627 9757 9779 9808 9901 9922 
29 82 142 147 281 398 409 485 594 598 876 1083 1126 1150 1191 1402 1623 1638 1661 1706 1733 1753 1895 1957 1985 2016 2059 2100 2226 2315 2320 2592 2895 2951 3113 3255 3369 3405 3715 3844 3931 3973 4166 4178 4243 4374 4406 4430 4491 4492 4513 4803 5170 5288 5348 5352 5390 5471 5481 5608 5670 5790 5846 5989 6047 6162 6230 6271 6285 6376 6406 6435 6486 6629 6937 7001 7016 7017 7276 7442 7471 7524 7671 7678 7687 7824 7841 7933 8170 8259 8422 8475 8694 8772 9244 9362 9436 9528 9609 9622 9685 9835 9884 
30 63 129 188 235 275 335 460 495 752 766 809 867 1062 1196 1299 1322 1342 1409 1464 1492 1508 1523 1710 1839 1894 2010 2013 2144 2297 2503 2676 2681 2750 2776 2814 2835 3131 3144 3556 3580 3691 3734 3737 3775 3866 3902 4228 4398 4428 4537 4581 4638 4660 4709 4824 4861 4907 4914 5003 5212 5272 5489 5514 5606 5802 5827 5876 5905 6026 6140 6146 6186 6389 6490 6602 6650 6769 6803 7174 7421 7458 7554 7603 7757 7871 8014 8130 8211 8255 8405 8503 8730 8734 8794 8895 8916 8994 9008 9064 9420 9437 9480 9699 9821 9920 9945 9966 
31 2 129 354 512 681 867 885 918 965 1095 1162 1244 1291 1409 1417 1481 1527 1721 1957 2071 2093 2314 2476 2582 2638 2779 2788 2801 2893 2925 2928 2952 3074 3083 3129 3532 3627 3712 3714 3838 3843 4270 4574 4619 4733 4740 4750 4819 5037 5099 5371 5429 5504 5756 5762 5828 5920 6179 6325 6390 6412 6435 6443 6555 6586 6610 6703 6730 6883 6940 6973 7001 7047 7147 7150 7266 7409 7445 7570 7573 7613 7615 7664 7683 7974 8175 8273 8285 8595 8850 9017 9169 9325 9594 9902 9934 9976 
32 6 19 241 412 482 489 566 642 670 740 996 1057 1191 1217 1317 1326 1363 1417 1496 1512 1535 1640 1951 2056 2061 2371 2463 2487 2593 2706 2822 2850 2895 3127 3140 3226 3256 3442 3494 3502 3611 3678 3778 4056 4119 4205 4299 4440 4487 4489 4504 4514 4612 4668 4699 4823 4848 4890 4967 5006 5088 5138 5164 5167 5174 5491 5512 5623 5833 5870 5968 5971 6131 6153 6282 6530 6703 6844 6850 6898 7036 7296 7451 7496 7502 7516 7618 7668 7686 7766 7813 7962 7990 8053 8677 8972 9026 9047 9135 9417 9505 
33 6 17 145 198 204 281 309 322 394 445 456 497 507 600 686 697 699 1147 1231 1233 1332 1555 1695 1882 1939 2036 2047 2184 2272 2324 2335 2436 2528 2547 2678 2818 2921 3106 3292 3298 3688 3887 4052 4111 4257 4278 4281 4302 4480 4529 4600 4613 4692 4887 4930 4943 4994 5078 5672 5779 6156 6270 6293 6366 6519 6532 6608 6736 6752 6791 6991 7089 7115 7162 7401 7455 7691 7748 7791 8150 8170 8432 8549 8553 8656 8929 8937 9101 9398 9461 9644 9678 9690 9762 9777 9949 
34 56 275 339 374 421 573 608 621 698 896 1142 1143 1295 1433 1447 1517 1656 1727 1799 1801 1829 1943 2110 2156 2194 2433 2522 2831 2931 2960 3140 3341 3402 3439 3548 3739 3759 3899 3935 3992 4303 4373 4583 4687 4697 4934 5120 5133 5148 5256 5412 5440 5475 5497 5551 5657 5662 5691 5760 5826 5940 5951 5990 6102 6109 6174 6271 6388 6396 6511 6566 6808 7152 7181 7192 7362 7565 7663 7718 7844 7850 8001 8020 8132 8158 8218 8240 8250 8271 8323 8552 8919 9109 9141 9149 9356 9412 9481 9606 
35 216 266 490 494 637 660 811 1046 1187 1352 1356 1360 1428 1452 1470 1626 1694 1741 1778 1884 2018 2424 2431 2449 2460 2492 2544 2809 2984 3455 3541 3549 3560 3635 3706 3814 3964 3968 4001 4017 4085 4093 4278 4284 4383 4386 4551 4808 4994 5048 5160 5183 5377 5386 5388 5390 5548 5565 5728 5736 5800 6234 6240 6274 6414 6417 6532 6599 6665 6666 6667 6708 6775 6778 6804 6879 6980 7059 7164 7265 7741 7766 7773 7998 8375 8440 8443 8520 8584 8734 8869 9007 9087 9138 9275 9367 9620 9675 9776 9818 9834 
36 164 250 370 409 436 448 736 740 934 977 1002 1021 1304 1328 1382 1446 1490 1512 1915 2073 2199 2207 2346 2453 2477 2519 2544 2561 2564 2759 3022 3112 3175 3565 3595 3613 3628 3732 3757 3785 3805 3868 3881 3977 3997 4003 4058 4095 4176 4459 4537 4572 4671 4810 4936 5074 5127 5145 5245 5248 5279 5436 5468 5578 5663 5736 5839 5900 5932 6001 6130 6227 6372 6594 6738 6763 6938 6958 7443 7765 7767 7902 8015 8169 8215 8271 8285 8409 8539 8592 8597 8663 8672 8920 8961 8988 9003 9029 9159 9182 9238 9306 9637 9924 
37 51 165 312 423 454 462 463 509 615 720 851 879 1033 1080 1167 1371 1511 1517 1829 1873 2294 2508 2515 2573 2718 2827 3008 3016 3079 3184 3337 3447 3491 3554 3733 3916 3963 4104 4208 4483 4501 4595 4625 4710 4771 4787 4817 4892 4948 4972 5028 5084 5290 5340 5507 5577 5653 5705 5714 5834 5840 5904 5965 6011 6025 6162 6201 6318 6412 6550 6559 6624 6704 6778 6804 6858 6893 6911 6939 7059 7090 7121 7417 7630 7655 7662 7703 7866 7902 8031 8121 8347 8431 8458 8499 8512 8564 8636 8707 8851 9002 9143 9253 9294 9300 9375 9402 9438 9519 9525 9671 9711 9938 9985 
38 21 295 320 330 446 686 810 826 831 915 1000 1060 1283 1328 1375 1808 1841 2095 2291 2342 2389 2542 2646 2779 2793 2923 2962 2992 3095 3244 3317 3397 3403 3428 3477 3519 3572 3693 3696 4009 4526 4567 4685 4822 5063 5409 5537 5589 5642 5645 5797 5826 5840 5882 6060 6069 6105 6124 6150 6168 6228 6280 6462 6505 6578 6615 6774 7052 7355 7391 7395 7481 7693 7704 7747 7801 7902 7930 8122 8315 8493 8593 8755 8771 8835 9167 9225 9514 9809 9889 9964 9968 
39 146 317 329 399 480 509 872 888 1108 1243 1280 1349 1535 1560 1578 1595 1597 1823 1919 2022 2053 2117 2153 2446 2455 2538 2603 2722 2803 2874 2926 2968 3290 3394 3939 4159 4167 4174 4323 4325 4399 4530 4635 4892 5059 5088 5149 5154 5190 5215 5370 5529 5659 5789 6295 6373 6448 6455 6502 6520 6633 6671 6785 6819 6833 6840 6858 6908 6958 7021 7127 7169 7197 7214 7329 7465 7542 7602 7695 7799 7929 8113 8263 8523 8684 8767 9070 9124 9138 9332 9557 9733 9742 9912 
40 181 286 337 391 447 499 561 658 810 847 880 1006 1077 1141 1306 1307 1343 1465 1472 1624 1692 1702 1751 1758 1761 1764 2174 2326 2448 2454 2493 2503 2516 2635 2682 2716 2788 2873 2917 3264 3382 3431 3435 3594 3656 3979 4026 4071 4165 4243 4368 4414 4652 4704 4763 4772 4777 4962 5043 5152 5195 5254 5257 5424 5425 5686 5716 5846 5849 5913 6003 6138 6261 6277 6408 6413 6484 6807 6826 6891 6952 7191 7239 7303 7475 7572 7604 7631 7634 7787 7900 7940 7963 7975 8058 8093 8112 8284 8433 8528 8570 9012 9245 9249 9329 9410 9511 9648 9831 
41 47 71 77 88 271 454 665 748 942 1016 1265 1289 1314 1360 1461 1497 1802 2026 2067 2189 2208 2376 2387 2406 2814 2821 2918 2932 3039 3051 3056 3167 3223 3356 3465 3503 3598 3695 3758 3776 3821 3895 3899 4029 4037 4042 4254 4610 4640 4726 4801 4810 4922 4925 4982 4994 5157 5206 5253 5419 5430 5584 5603 5615 5672 5883 6017 6049 6165 6241 6318 6339 6359 6409 6628 6676 6859 6908 7095 7127 7464 7583 7693 7868 7869 8184 8217 8218 8253 8254 8414 8673 8798 9006 9088 9105 9228 9322 9331 9428 9636 9671 9793 9801 9860 
42 3 260 285 373 406 408 541 631 644 721 732 805 809 883 962 999 1011 1227 1292 1351 1363 1393 1568 1573 1578 1597 1987 2113 2262 2309 2597 2624 2820 2852 2904 2905 2950 3064 3136 3197 3443 3469 3516 3926 4230 4322 4344 4473 4500 4564 4641 4654 4758 4772 4946 4988 5353 5387 5885 5905 6086 6158 6261 6438 6501 6569 6738 6866 6973 6983 7105 7106 7145 7238 7387 7455 7467 7710 7871 7977 8147 8212 8214 8512 8555 8745 8873 8916 8957 9120 9286 9341 9470 9520 9556 9632 9671 9745 9783 9820 
43 29 141 148 402 411 604 623 774 867 900 906 944 950 1136 1461 1513 1657 1708 1969 1987 1995 2033 2066 2109 2121 2335 2358 2514 2517 2628 2658 2702 2715 2809 2869 3003 3100 3181 3212 3433 3624 3840 3958 4011 4153 4305 4368 4437 4576 4591 4779 4793 4954 5119 5232 5277 5340 5341 5400 5590 5683 5694 5795 5912 6217 6433 6485 6495 6571 6576 6603 6699 6842 6857 6988 7207 7751 7808 8011 8016 8047 8090 8190 8300 8368 8744 8818 8938 9078 9110 9239 9429 9569 9574 9762 
44 11 133 209 332 447 505 681 955 1095 1112 1341 1353 1694 1804 1921 1969 2266 2322 2381 2396 2550 2597 2785 2895 2898 3607 3782 3811 3975 4138 4169 4185 4350 4432 4434 4473 4476 4622 4705 4787 4800 4853 4857 4978 5051 5138 5217 5237 5280 5443 5460 5746 5748 5789 5816 5827 5829 6229 6268 6275 6295 6299 6310 6379 6584 6622 6750 6865 6876 6992 7120 7327 7675 7761 7842 7923 8008 8042 8066 8258 8281 8414 8512 8546 8548 8551 8608 8649 9149 9297 9323 9411 9497 9514 9547 9563 9578 9585 9622 9642 9662 9896 9996 
45 65 167 232 310 424 464 544 570 776 917 1005 1051 1137 1169 1214 1453 1487 1635 1685 1736 1813 1826 1924 1945 1950 1980 2056 2085 2129 2193 2273 2275 2285 2333 2462 2555 2563 2602 2716 2838 2953 3109 3158 3264 3337 3352 3517 3538 3623 3633 3653 3684 3950 4098 4461 4504 4524 4662 4735 4753 4820 4853 4860 5187 5334 5344 5402 5447 5635 5640 5837 6025 6118 6120 6217 6318 6511 7162 7265 7426 7770 7868 8307 8460 8599 8661 8761 8788 8793 9038 9211 9251 9284 9344 9363 9450 9454 9496 9626 9822 9976 
46 234 235 290 296 350 353 356 610 683 708 786 850 1023 1048 1171 1278 1472 1529 1565 1582 1656 1846 1955 1980 2066 2343 2377 2451 2458 2599 2641 2691 2698 2784 3127 3197 3552 3631 3656 3682 3749 3790 3791 4155 4249 4413 4654 4665 4691 4891 4951 5030 5081 5094 5176 5427 5560 5675 5798 5946 6143 6323 6525 6584 6670 6721 6763 6777 6854 6895 6976 6984 7073 7204 7455 7461 7524 7578 7670 7746 7815 7829 7881 7987 8063 8170 8221 8411 8417 8420 8452 8588 8734 8919 9032 9059 9158 9355 9368 9515 9605 9810 9893 9917 
47 576 639 648 691 720 787 959 1034 1620 1652 1707 1747 1925 1968 2049 2105 2227 2391 2476 2567 2583 2627 2704 2708 2729 2735 2752 2789 2968 3067 3080 3219 3272 3402 3514 3599 3947 3982 3990 4366 4463 4539 4560 4577 4631 4663 4717 4783 4938 4962 5024 5177 5296 5352 5427 5493 5515 5567 5692 5801 5933 5959 5986 6060 6208 6241 6317 6355 6378 6409 6410 6635 6762 6880 6953 7012 7082 7268 7270 7300 7368 7596 7644 7800 7834 7948 7966 8034 8049 8199 8274 8287 8388 8413 8470 8757 8808 8828 8968 8973 9049 9067 9204 9239 9287 9382 9580 9603 9607 9621 9669 9697 9774 9795 9966 9992 
48 184 228 233 370 631 749 874 882 896 959 1029 1046 1514 1799 1943 2017 2070 2150 2181 2269 2377 2392 2474 2690 2698 2799 2918 2944 2956 3070 3178 3195 3323 3337 3557 3676 3682 3826 3908 3960 3991 4055 4061 4076 4369 4608 4659 4799 4808 4913 5142 5235 5245 5302 5389 5447 5462 5495 5595 5662 5698 5709 5718 5860 5959 5988 5991 6012 6103 6161 6620 6623 6864 7094 7131 7157 7159 7250 7287 7410 7440 7484 7555 7589 7615 7781 7845 7846 7849 7897 7988 8242 8248 8349 8420 8435 8615 8631 8872 8873 8874 9044 9123 9196 9325 9334 9421 9429 9520 9556 9720 9834 
49 66 110 126 753 983 1003 1051 1080 1362 1411 1442 1586 1677 1714 1916 1999 2103 2420 2604 2751 2830 2900 2946 2960 2963 3046 3112 3134 3152 3162 3200 3293 3353 3503 3531 3575 3590 3597 3719 3745 3761 3770 3938 3958 4127 4294 4542 4570 4910 4951 5028 5055 5107 5155 5309 5397 5450 5496 5585 5606 5769 5797 5807 5827 5848 5890 6034 6324 6435 6442 6522 6741 7229 7283 7360 7361 7393 7446 7597 7605 8114 8195 8200 8217 8285 8473 8477 8499 8635 8696 8705 8723 8791 8842 8985 9004 9031 9049 9147 9236 9257 9328 9436 9536 9650 9781 9909 9942 9959 
50 204 275 345 482 553 574 614 644 674 821 863 897 924 1090 1120 1155 1340 1487 1523 1572 1640 1809 2218 2233 2303 2406 2479 2531 2737 3004 3012 3044 3059 3090 3169 3195 3496 3500 3526 3583 3736 3761 3903 4194 4227 4271 4391 4489 4496 4523 4556 4634 4825 4855 5005 5123 5367 5374 5711 5857 5998 6130 6134 6135 6180 6365 6430 6544 6615 6774 6806 7065 7120 7125 7129 7347 7384 7438 7503 7671 7699 7746 7917 8103 8432 8437 8438 8465 8645 8811 8816 8908 8960 9032 9036 9383 9457 9468 9481 9583 9694 9731 9896 9964 
51 191 236 355 451 508 522 690 725 938 1153 1191 1209 1240 1266 1515 1687 1883 2004 2022 2218 2220 2272 2314 2337 2418 2444 2463 2749 2818 2855 3015 3141 3175 3197 3213 3283 3585 3604 3914 3968 3969 4048 4546 4612 4703 4806 4867 4883 4973 5040 5093 5152 5203 5310 5321 5363 5373 5376 5463 5495 5648 5680 5830 5887 5908 6040 6512 6525 6588 7112 7184 7240 7444 7476 7546 7561 7600 7765 7846 7903 7970 8007 8019 8205 8259 8333 8477 8574 8757 8772 8812 8956 9081 9106 9213 9217 9226 9298 9418 9438 9469 9607 9692 9767 9771 9851 9966 
52 272 319 394 586 712 783 845 942 1065 1122 1235 1276 1304 1385 1836 2184 2201 2246 2315 2515 2653 2702 2996 3024 3164 3185 3222 3282 3362 3461 3491 3603 3627 3869 3910 4032 4092 4134 4172 4174 4198 4222 4282 4289 4334 4667 4711 4718 4840 4931 5192 5212 5258 5283 5481 5642 5741 5881 6024 6049 6118 6222 6333 6338 6486 6752 6801 7093 7189 7212 7216 7283 7496 7667 7820 8218 8548 8628 8656 8819 8962 8998 9036 9075 9166 9314 9477 9646 9661 9729 
53 59 80 118 165 260 279 388 524 533 569 628 657 1007 1038 1058 1156 1468 1507 1670 1786 1994 2049 2166 2228 2341 2505 2813 2882 2929 3104 3193 3349 3475 3543 3548 3665 3672 3685 3758 3818 3916 4273 4427 4507 4599 4640 4641 4653 4874 4978 5055 5082 5091 5116 5322 5336 5402 5403 5462 5474 5763 6014 6161 6202 6203 6321 6374 6425 6521 6570 6629 6657 6748 6830 6847 6903 6987 7110 7180 7197 7208 7289 7476 7529 7557 7842 7936 7971 7987 7997 8054 8093 8199 8319 8905 8908 8924 8990 9029 9111 9270 9499 9541 9665 9742 9780 9839 9866 9972 
54 76 155 408 418 504 508 610 626 673 728 859 922 1255 1341 1432 1509 1750 1904 1960 2127 2131 2157 2228 2748 2874 2915 2929 3003 3152 3204 3232 3343 3357 3363 3407 3417 3423 3462 3464 3469 3550 3686 3695 3893 3992 4022 4256 4314 4475 4667 4690 4878 4886 5158 5193 5223 5375 5391 5525 5683 5695 5791 5807 5926 5927 6071 6072 6216 6260 6315 6430 6521 6530 6539 6799 7267 7415 7462 7504 7577 7588 7723 7725 7746 7972 8063 8174 8302 8317 8356 8366 8566 8637 8650 8749 8828 8948 9062 9071 9180 9193 9244 9333 9737 9770 9886 9931 
55 53 133 1053 1190 1247 1248 1356 1451 1610 1739 1764 1897 1963 2158 2250 2397 2419 2559 2563 2670 2686 2708 2754 2907 3050 3054 3386 3568 3643 3691 3811 3847 3897 3906 3948 4061 4343 4465 4547 4663 4845 4931 5007 5106 5155 5175 5218 5278 5494 5598 5783 5791 6098 6118 6397 6401 6404 6613 6859 6889 6896 6994 7008 7133 7152 7173 7202 7212 7281 7307 7355 7385 7712 7780 7786 7940 8296 8297 8409 8560 8708 8778 8839 8856 9134 9188 9196 9245 9291 9308 9386 9442 9501 9565 9640 9896 9901 9914 9973 
56 148 364 371 796 837 893 958 1022 1057 1099 1550 1616 2007 2033 2116 2332 2368 2467 2621 2693 2784 2815 2833 2980 3019 3293 3479 3614 3683 3812 3904 4031 4122 4157 4184 4235 4269 4367 4567 4836 4841 4917 4928 5151 5254 5499 5581 5618 5956 6013 6086 6345 6349 6371 6402 6497 6595 6783 6840 6841 6923 6957 7080 7081 7325 7431 7433 7584 7644 7671 7739 7760 7851 7855 7906 7974 7995 8004 8031 8166 8217 8464 8623 8674 8727 8834 8864 8871 8878 9030 9154 9193 9291 9335 9420 9668 9790 9852 9896 9914 9921 
57 2 70 193 208 392 399 423 470 533 825 829 939 992 1033 1143 1198 1235 1385 1398 1512 1555 1663 1685 1829 1875 1951 1954 2259 2348 2519 2659 2765 2894 3005 3023 3042 3068 3180 3191 3313 3376 3572 3617 3683 3690 3823 3925 3977 4051 4118 4128 4169 4177 4178 4243 4371 4380 4482 4531 4546 4636 4855 4890 5117 5379 5664 5690 5869 6016 6050 6086 6202 6493 6986 7175 7211 7231 7649 7712 7754 7795 7942 7985 7986 8011 8307 8331 8617 8646 8675 8763 8785 8945 9126 9178 9471 9522 9647 9651 9764 9987 
58 19 92 106 164 354 480 508 525 656 709 710 715 1011 1097 1213 1235 1251 1351 1521 1525 1591 1666 1674 1953 2078 2160 2278 2342 2627 2707 2765 2929 3098 3122 3140 3144 3175 3188 3221 3297 3339 3390 3403 3459 3478 3634 3677 3715 3791 4049 4088 4153 4323 4338 4693 4708 4760 5019 5144 5298 5439 5466 5596 5668 5689 5844 5952 6054 6255 6303 6389 6723 6801 6836 6846 7376 7396 7499 7661 7679 7739 7914 7968 8089 8125 8384 8421 8468 8538 8636 8778 8844 8985 9254 9441 9534 9862 9917 9918 
59 175 228 382 494 734 845 948 1035 1191 1262 1367 1394 1469 1473 1553 1683 1858 2067 2141 2186 2254 2317 2376 2666 2734 2790 2814 2854 3026 3231 3292 3363 3474 3539 3617 3647 3816 3874 3897 3921 3933 3970 3992 4004 4109 4119 4164 4303 4369 4520 4526 4692 4745 4794 4874 4983 5022 5110 5151 5160 5181 5395 5742 5853 6157 6237 6284 6373 6664 6822 6987 7030 7055 7198 7401 7413 7509 7514 7548 7653 7796 7915 8024 8032 8072 8098 8114 8244 8552 8623 8625 8659 8799 8863 9021 9296 9530 9722 9736 9825 9935 9950 9996 
60 315 364 406 506 647 676 912 922 1181 1316 1459 1563 1587 1589 1738 1781 1861 2046 2350 2392 2534 2639 2641 2871 3116 3133 3152 3287 3313 3455 3459 3558 3649 3653 3704 3792 3805 3817 3855 3995 4018 4204 4271 4388 4439 4449 4451 4606 4670 4773 4848 4852 5197 5390 5445 5478 5501 5542 5575 5618 5743 5865 6194 6215 6397 6510 6707 6927 6979 7033 7174 7240 7543 7623 7741 7820 7840 7872 7904 7909 7981 8111 8185 8279 8348 8604 8650 8684 8859 9015 9055 9167 9261 9330 9357 9359 9364 9446 9467 9781 
61 283 516 672 863 940 979 1225 1315 1355 1534 1611 1649 1673 1708 1709 1723 1768 1987 2104 2123 2302 2306 2383 2691 3071 3152 3281 3366 3386 3570 3595 3718 3757 3835 3883 3981 4233 4376 4499 4629 4653 4713 4771 4788 4862 4950 4969 5004 5020 5062 5252 5531 5606 5804 5971 5988 6025 6053 6176 6237 6245 6343 6488 6518 6586 6639 6682 6747 6779 6839 6959 7059 7220 7343 7440 7506 7623 7805 7847 8049 8106 8132 8157 8179 8369 8405 8450 8575 8581 8655 8683 8685 8704 8772 8792 8825 8933 9038 9182 9212 9492 9772 9884 9885 9887 9916 
62 588 627 633 650 684 841 895 911 1005 1161 1167 1211 1217 1351 1454 1549 1566 1623 1840 2047 2136 2151 2189 2306 2354 2550 2634 2672 2755 2764 2818 2916 3041 3125 3223 3255 3477 3512 3514 3691 3693 3701 3724 3749 3866 3920 3988 3999 4087 4204 4299 4541 4638 4719 5072 5099 5520 5667 5829 5973 5994 6314 6379 6686 6799 6874 6981 7007 7167 7365 7544 7738 7818 7836 7916 7927 7977 8022 8077 8140 8199 8274 8276 8345 8351 8478 8499 8520 8730 8751 8753 8840 9020 9046 9138 9755 9860 9919 9991 
63 22 53 62 109 110 123 124 144 158 205 327 345 581 785 816 929 1004 1035 1324 1331 1411 1522 1523 1655 1731 1823 1931 2099 2142 2149 2211 2329 2343 2362 2383 2446 2548 2707 2779 2865 2927 3128 3240 3300 3420 3570 3866 3869 3885 4158 4166 4190 4252 4468 4573 4695 4874 5087 5145 5173 5397 5445 5467 5703 5868 6092 6098 6122 6198 6295 6507 6525 6962 7079 7101 7194 7213 7272 7307 7308 7361 7368 7439 7445 7471 7669 7771 7779 8350 8417 8564 8640 8670 8885 8908 8963 8993 9037 9092 9143 9156 9189 9196 9208 9224 9258 9275 9610 9781 9796 9846 9966 
64 331 527 613 648 677 751 798 985 996 1078 1083 1113 1256 1381 1397 1410 1501 1509 1546 1603 1609 1680 1984 2027 2096 2269 2659 2857 2989 3049 3101 3349 3374 3471 3631 3640 3687 3703 3807 3881 3912 4032 4070 4107 4247 4283 4331 4412 4506 4578 4828 4857 4923 5335 5505 5523 5551 5584 5786 5834 5846 5870 5890 5916 5977 5982 6024 6193 6197 6324 6327 6359 6654 6760 6991 6995 7281 7288 7289 7325 7549 7566 7828 7889 8042 8243 8265 8390 8411 8463 8509 8630 8646 8680 8683 8734 8812 8895 8900 9068 9141 9209 9222 9229 9291 9464 9545 
65 16 47 191 234 280 1000 1033 1048 1103 1111 1549 1746 1779 1802 1834 1835 1872 1964 1988 2119 2184 2214 2349 2712 2713 2734 2843 2963 3041 3137 3172 3257 3471 3558 3601 3692 3842 3873 3914 4052 4063 4115 4156 4164 4434 4527 4582 4730 4801 4915 4949 4971 5056 5174 5196 5197 5280 5408 5540 5676 5684 5831 6018 6126 6333 6582 6752 6834 6986 7019 7134 7186 7488 7699 7734 7901 8009 8036 8170 8451 8456 8852 9000 9077 9115 9294 9392 9465 9508 9545 9564 9579 9632 9643 9689 9892 9979 
66 93 107 133 156 244 351 586 636 802 914 950 1002 1013 1072 1118 1135 1206 1279 1357 1392 1491 1569 1696 1706 1735 1807 1851 1990 2020 2025 2131 2167 2453 2518 2731 2871 3009 3066 3139 3222 3288 3411 3505 3630 3643 3792 3878 4006 4271 4366 4379 4393 4461 4529 4560 4892 5000 5111 5113 5127 5135 5200 5225 5403 5665 6048 6110 6290 6296 6325 6363 6405 6420 6506 6739 6891 6959 6960 7143 7182 7223 7292 7300 7501 7508 7544 7566 7787 7824 8073 8100 8106 8135 8138 8269 8309 8686 8734 8779 8888 8905 8948 9016 9058 9300 9379 9382 9686 9782 9787 9888 9928 
67 4 98 101 196 294 350 368 509 633 775 873 1127 1277 1286 1391 1614 1629 1761 1839 1858 1873 1898 1946 1997 2044 2072 2358 2446 2473 2479 2750 2780 2838 2853 2901 2950 2991 3052 3061 3147 3341 3343 3399 3406 3443 3495 3580 3642 3731 3777 3858 4065 4306 4450 4572 4799 4866 4899 4959 5234 5361 5387 5456 5633 5665 5755 5762 5787 5789 6040 6102 6117 6415 6806 6815 6833 6908 6909 6927 7038 7283 7472 7649 7804 7868 8130 8147 8155 8400 8594 8599 8617 8828 8848 8854 8908 9273 9336 9364 9684 
68 137 256 355 422 423 656 760 1062 1103 1152 1253 1507 1510 1637 1791 1964 2285 2320 2444 2613 2653 2700 3009 3202 3270 3296 3359 3688 3695 3747 4016 4046 4080 4154 4272 4307 4396 4435 4556 4595 4642 4780 4906 5024 5161 5308 5399 5641 5677 5682 5715 5781 6042 6107 6122 6144 6292 6439 6509 6617 6618 6632 6641 6756 6797 6886 6921 6978 7058 7229 7257 7273 7310 7348 7354 7454 7499 7785 7824 7923 7934 7996 8103 8231 8337 8545 8577 8823 8896 8925 9117 9209 9248 9332 9347 9423 9501 9607 9689 9785 9813 9820 9824 9899 9944 9963 
69 260 288 289 338 360 377 442 461 482 785 985 1056 1088 1183 1479 1624 1729 1771 1896 2022 2142 2159 2172 2247 2261 2361 2401 2870 2963 3077 3124 3166 3360 3524 3739 3844 3905 3939 4261 4344 4415 4419 4482 4488 4581 4787 4816 4841 4845 4893 5076 5216 5372 5442 5505 5601 5682 5744 5884 5912 6106 6120 6129 6285 6383 6390 6591 6738 6836 6859 6980 7100 7266 7286 7352 7613 7616 7638 7677 7698 7757 7798 7843 7940 8361 8417 8500 8550 8560 8743 8976 8988 9473 9699 9720 9955 
70 100 215 255 371 503 578 721 774 1094 1151 1174 1191 1316 1434 1524 1627 1765 1931 2004 2056 2065 2199 2278 2396 2489 2513 2587 2707 2760 2974 3136 3148 3184 3204 3237 3281 3374 3412 3638 4481 4546 4792 4826 4870 4952 5002 5270 5334 5342 5559 5590 5615 5618 5650 5708 5864 5873 5900 5961 6116 6162 6208 6322 6516 6709 6861 6986 7099 7114 7157 7229 7251 7428 7506 7535 7566 7765 7787 8069 8077 8294 8322 8325 8333 8408 8729 9133 9201 9430 9475 9551 9644 9916 9981 
71 115 159 283 323 344 380 458 514 626 703 800 873 1088 1179 1332 1446 1468 1500 1506 1514 1605 1650 1669 1777 1874 1970 2262 2342 2377 2424 2514 2525 2549 2656 2749 2834 2864 3352 3450 3580 3788 3852 3901 3930 3951 3967 3968 4125 4513 4597 4674 4898 4975 5006 5048 5240 5429 5577 5610 5613 5627 5711 5906 5907 5944 6216 6247 6424 6586 6595 6639 6847 7715 7741 7886 7931 7969 8038 8086 8183 8272 8470 8485 8497 8565 8833 8942 9269 9441 9456 9493 9583 9703 9738 9826 9891 9938 
72 102 233 243 298 396 442 528 629 804 916 957 994 1033 1176 1263 1429 1632 1732 1787 1920 1977 2088 2098 2134 2197 2480 2487 2560 2794 2996 3452 3558 3680 3771 3811 3890 4056 4321 4363 4482 4534 4589 4606 4648 4792 4854 4877 4879 4973 5061 5123 5243 5315 5606 5702 5742 5786 5838 6026 6118 6276 6310 6484 6485 6597 6637 6700 6858 6865 6977 7005 7006 7065 7079 7110 7206 7207 7449 7534 7703 7775 7815 7828 8148 8223 8234 8337 8354 8432 8570 8601 8915 8945 9042 9077 9305 9487 9534 9642 9657 9861 9893 9941 
73 105 153 293 318 346 448 715 777 890 934 941 1132 1327 1373 1388 1588 1689 1719 1737 1757 1863 1963 2027 2237 2386 2390 2405 2467 2541 2704 2747 2933 3051 3067 3082 3142 3195 3338 3341 3417 3460 3895 4370 4475 4514 4599 4627 4658 4676 4686 4708 4715 4744 4787 4957 5137 5167 5202 5481 5498 5529 5537 5634 6033 6160 6476 6648 6738 6867 6989 7170 7226 7256 7391 7591 7644 7809 8020 8051 8073 8080 8171 8216 8243 8273 8512 8849 8864 8913 8992 9387 9394 9395 9406 9557 9736 9862 9963 
74 21 79 98 115 129 234 344 421 439 464 554 606 620 735 789 874 1006 1085 1138 1231 1280 1357 1422 1504 1846 2022 2097 2239 2245 2478 2631 2709 2734 2744 2776 2898 2908 2969 2978 3073 3186 3413 3472 3702 3741 3871 4105 4133 4147 4271 4297 4336 4352 4355 4471 4516 4785 4834 4854 5052 5155 5181 5207 5266 5320 5429 5535 5573 5753 5835 5884 6202 6215 6321 6423 6484 6675 6863 7076 7082 7254 7347 7471 7525 7560 7659 7888 8014 8286 8489 8590 8679 9052 9053 9087 9097 9156 9182 9239 9274 9532 9554 9652 9878 9906 9931 9962 
75 178 219 260 309 324 669 671 780 843 909 1002 1227 1275 1437 1606 1610 1941 2181 2242 2353 2471 2486 2708 2772 2790 2899 3123 3241 3328 3352 3396 3428 3505 3593 3611 3624 3669 3761 3963 3975 3978 4087 4093 4163 4362 4437 4676 4968 5143 5190 5222 5482 5501 5634 5872 5894 5943 6082 6089 6243 6452 6551 6586 6612 6676 6864 6869 6994 7137 7385 7416 7492 7640 7704 7799 8094 8201 8282 8293 8302 8373 8520 8631 8781 8800 8812 8829 9021 9071 9124 9485 9529 9631 9733 9825 9913 9990 9993 
76 166 171 178 207 313 471 547 824 946 947 1026 1094 1162 1218 1360 1690 1717 1786 1829 1926 2083 2099 2142 2196 2269 2324 2342 2371 2427 2513 2620 2622 2790 2825 2849 2920 3007 3073 3080 3115 3124 3137 3374 3564 3578 3731 3869 3925 4108 4200 4246 4326 4377 4585 4621 4631 4665 4764 5108 5175 5205 5296 5317 5359 5389 5436 5543 5624 5883 6293 6318 6391 6402 6537 6596 6753 6990 7021 7222 7656 7780 7812 7887 7990 8365 8381 8387 8453 8577 8580 8599 8700 8735 8888 8937 8980 8985 9315 9403 9507 9535 9654 9675 9727 9739 9826 
77 252 416 772 927 954 1019 1104 1322 1446 1490 1550 1566 1630 1731 1911 2129 2135 2244 2601 2968 3061 3110 3129 3211 3238 3278 3396 3411 3439 3537 3724 3734 3890 3919 3922 4053 4073 4303 4413 4438 4443 4487 4547 4758 4934 4970 4982 5380 5381 5385 5387 5591 5685 5697 5702 5959 6048 6083 6155 6280 6452 6455 6585 6614 6955 6980 6989 7053 7106 7159 7229 7256 7320 7396 7419 7435 7624 7641 7757 7944 7955 8077 8307 8318 8517 8736 8940 9162 9289 9291 9468 9521 9618 
78 30 155 182 327 522 606 717 775 890 901 973 1117 1431 1549 1608 1721 1838 1941 1999 2197 2237 2248 2394 2593 2602 2986 3130 3156 3249 3276 3297 3382 3401 3457 3459 3617 3884 3916 3942 3953 4140 4209 4287 4323 4386 4423 4439 4632 4713 5050 5505 5623 5679 5856 5867 5871 6014 6040 6073 6166 6415 6446 6501 6571 6606 6923 7133 7137 7394 7533 7612 7623 7649 7690 7741 7846 8167 8169 8295 8514 8590 8837 9022 9055 9156 9225 9226 9377 9388 9393 9544 9550 9614 9624 9644 9784 9831 9861 9865 9977 
79 212 249 379 704 774 826 1154 1226 1285 1316 1506 1526 1673 1755 2050 2177 2195 2205 2399 2478 2536 2676 2966 3114 3258 3435 3441 3550 3761 3762 3884 4018 4131 4175 4354 4360 4589 4787 4999 5023 5317 5348 5654 5712 5732 5960 5991 6011 6125 6160 6168 6196 6254 6410 6520 6562 6660 6711 6712 6764 6933 6945 7046 7088 7120 7156 7168 7408 7464 7542 7616 7739 7881 8016 8051 8056 8109 8119 8136 8145 8226 8243 8345 8501 8515 8551 8702 8760 8763 8865 9107 9193 9199 9450 9733 9951 9952 9999 
80 42 107 137 322 466 478 554 788 802 1135 1230 1244 1248 1275 1330 1371 1489 1663 1783 1993 2256 2522 2554 2766 2778 2779 2789 2870 2881 2987 2999 3105 3207 3432 3619 3627 3651 3754 3991 4055 4220 4277 4454 4526 4675 4697 4732 4849 4854 5018 5093 5298 5378 5389 5597 5625 5783 5797 5894 5917 5937 6286 6305 6462 6473 6623 6924 6928 6976 6983 7039 7065 7123 7167 7228 7257 7425 7555 7627 7809 7857 7945 8038 8122 8141 8148 8172 8277 8495 8613 8672 8753 8947 9190 9218 9502 9638 9642 9856 9937 9964 
81 140 228 341 343 351 461 555 562 601 772 1048 1101 1142 1295 1307 1363 1423 1533 1626 1881 2040 2127 2191 2381 2403 2603 2647 2673 2684 2795 2803 2867 2929 3022 3087 3200 3556 3758 3773 3897 4111 4234 4301 4385 4446 4529 4591 4764 4778 4905 4911 5002 5148 5291 5327 5472 5631 5642 5703 6203 6205 6343 6450 6524 6696 6710 6900 7355 7516 7570 7730 7787 7789 7852 8024 8032 8442 8471 8941 8953 9036 9068 9090 9136 9162 9242 9318 9513 9697 9750 9766 9863 9959 9960 9993 
82 55 112 178 434 518 650 688 795 859 970 1136 1195 1217 1232 1266 1467 1468 1548 1800 1867 2033 2090 2095 2114 2686 2759 2892 3054 3129 3167 3466 3470 3636 3638 3750 3767 3847 3867 3901 4060 4074 4170 4262 4308 4321 4367 4461 4571 4700 4871 4898 5105 5361 5420 5553 5801 5812 5851 5890 5968 6152 6410 6470 6474 6545 6640 6646 6737 6763 6772 6816 6960 6987 7286 7367 7395 7474 7680 7740 7983 8026 8066 8142 8421 8439 8447 8540 8609 8720 8739 8821 8887 9152 9296 9445 9470 9475 9480 9582 9584 9652 9718 9720 9851 9922 9985 
83 94 205 294 451 691 715 762 1075 1359 1364 1480 1524 1690 1737 1790 1867 1919 2130 2291 2324 2537 2645 2661 2795 2878 2884 3080 3202 3208 3501 3676 3724 3866 4054 4139 4209 4229 4375 4476 4556 4572 4659 4759 4839 5049 5086 5097 5217 5233 5280 5290 5293 5360 5532 5711 5753 6104 6155 6563 6587 6640 6650 6698 6891 6919 7029 7060 7254 7423 7446 7932 8171 8389 8408 8468 8504 8507 8707 8778 9106 9116 9189 9194 9336 9362 9366 9426 9454 9583 9735 9899 9950 
84 115 145 172 373 400 426 443 458 534 606 639 666 821 985 1004 1122 1187 1238 1258 1324 1329 1411 1418 1438 1447 1460 1486 1489 1535 1558 1645 1677 1861 1904 1993 2040 2177 2205 2378 2516 2597 2756 2763 2939 3202 3251 3302 3364 3503 3697 3711 3722 3969 3987 4102 4142 4302 4389 4401 4561 4687 5086 5436 5476 5589 5600 5762 5819 5865 5901 6021 6109 6276 6359 6402 6405 6446 6463 6465 6807 6829 6966 7012 7195 7424 7438 7744 8006 8012 8145 8379 8404 8410 8497 8691 8736 8868 8870 8899 8970 9171 9397 9449 9462 9520 9595 9679 9696 9993 
85 291 307 315 357 374 511 615 619 668 754 896 1001 1057 1061 1099 1115 1147 1190 1588 1621 1735 1754 1845 2025 2141 2224 2305 2321 2383 2441 2504 2509 2633 3027 3089 3522 3606 3623 3674 3715 3807 3816 3919 4028 4255 4312 4375 4629 4792 4793 5022 5246 5272 5328 5640 5647 5778 5785 5938 6154 6253 6505 6623 6631 6770 6793 7045 7103 7398 7459 7538 7644 7826 7870 7930 8016 8032 8048 8146 8155 8235 8261 8443 8523 8554 8649 8683 8868 8959 9050 9064 9301 9324 9341 9436 9460 9489 9555 9636 9649 9661 9667 9760 9973 9999 
86 12 95 115 230 738 747 847 1129 1311 1315 1446 1546 1658 1682 1868 1968 2093 2305 2617 2635 2918 2965 2978 3001 3029 3065 3085 3280 3299 3322 3358 3409 3544 3545 3724 3731 3743 3883 3907 3941 3958 4541 4577 4595 4603 4614 4737 4786 4858 4920 5019 5020 5101 5220 5481 5489 5612 5776 5817 5904 5912 5917 5956 6017 6266 6559 6738 7254 7283 7352 7411 7426 7561 7573 7678 7886 7932 8196 8201 8361 8363 8495 8614 8705 8752 9065 9166 9235 9297 9408 9421 9539 9961 9964 
87 5 79 576 580 813 872 1104 1201 1343 1387 1393 1469 1541 1576 1674 1689 1784 1828 2099 2108 2125 2219 2264 2282 2291 2452 2524 2578 3000 3020 3196 3232 3246 3256 3371 3453 3456 3511 3526 3550 3571 3730 4147 4158 4224 4290 4536 4656 4719 4737 4795 4938 5239 5307 5384 5651 5903 6038 6088 6389 6883 6912 6913 6969 6981 6987 7063 7116 7190 7252 7297 7494 7609 7768 7796 7803 7955 7966 8004 8027 8033 8048 8073 8667 8898 8982 9011 9365 9419 9462 9599 9708 
88 30 108 114 142 317 369 558 593 801 907 1121 1147 1200 1227 1251 1352 1400 1529 1618 1658 1911 2022 2123 2301 2454 2677 2914 2921 3030 3084 3473 3602 3623 3670 3694 3745 3847 3918 4081 4084 4103 4397 4475 4598 4623 4673 4697 5083 5145 5148 5205 5285 5288 5372 5398 5587 5594 5718 5865 5941 5957 6109 6235 6299 6402 6506 6624 6906 7100 7151 7360 7497 7669 7688 7736 7814 7950 7968 8048 8135 8170 8254 8263 8286 8299 8316 8384 8385 8786 9028 9051 9134 9137 9221 9309 9386 9414 9432 9450 9506 9577 9579 9743 9785 9966 
89 152 232 272 349 556 608 672 951 1086 1333 1552 1632 1656 1687 1911 2087 2123 2193 2206 2234 2396 2597 2661 2669 2726 2791 2989 3189 3209 3233 3451 3627 3642 3757 3776 4012 4185 4247 4332 4531 4568 4611 4745 4768 4799 4813 4898 4949 4984 5034 5179 5246 5255 5537 5793 5849 6008 6116 6121 6125 6163 6234 6260 6288 6347 6360 6365 6410 6818 6968 7053 7129 7134 7399 7428 7527 7560 7846 8033 8235 8270 8515 8614 8649 8716 8796 9040 9313 9351 9499 9645 9693 9782 9856 9957 
90 26 103 117 141 286 324 456 461 695 769 815 1089 1286 1288 1609 1733 1751 1892 2043 2316 2435 2755 2814 2855 2921 2953 3047 3071 3083 3101 3150 3452 3530 3681 3758 3839 3911 3991 4150 4345 4452 4517 4785 5103 5128 5307 5507 5567 5657 5905 6031 6062 6072 6119 6187 6194 6364 6371 6429 6596 6724 6928 7026 7131 7175 7319 7451 7506 7527 7655 7677 7699 7732 7795 8043 8281 8358 8450 8535 8558 8631 8860 9072 9082 9367 9407 9595 9617 9706 9933 
91 12 68 146 155 276 308 385 618 622 650 1106 1115 1117 1146 1292 1515 1889 2008 2070 2089 2097 2120 2123 2224 2406 2546 2554 2648 2653 2688 2711 2719 2800 2970 3053 3097 3140 3262 3331 3395 3466 3473 3532 3812 3966 4033 4376 4420 4423 4478 4613 4619 4918 4958 4992 5000 5090 5105 5110 5378 5699 5753 5863 5986 6071 6324 6448 6616 6653 6664 6745 6838 6865 6920 7171 7196 7315 7352 7411 7679 7741 7868 7881 7913 7946 7982 8024 8060 8188 8209 8450 8467 8521 8823 9050 9064 9140 9271 9709 9738 9751 9783 9789 9857 9973 9978 
92 263 287 343 629 635 726 745 821 911 1158 1409 1625 1773 2207 2215 2240 2245 2254 2329 2367 2509 2566 2639 2684 2793 2817 2937 2995 3000 3218 3240 3325 3526 3896 3903 4080 4092 4215 4247 4426 4475 4589 4612 4618 4774 4954 4984 4988 4998 5043 5056 5080 5086 5131 5136 5230 5388 5416 5576 5846 5858 6022 6078 6220 6317 6389 6644 6698 6986 7066 7073 7080 7160 7307 7430 7477 7497 7526 7666 7825 7897 8150 8429 8459 8711 8781 8929 8983 9107 9130 9471 9740 9769 9977 
93 59 122 344 421 433 629 648 651 786 796 895 920 1084 1204 1267 1665 1694 1790 1794 2082 2267 2375 2403 2591 2665 2719 2891 2907 3017 3157 3331 3409 3701 3908 4193 4275 4287 4438 4465 4468 4509 4729 4928 4997 5205 5279 5296 5416 5484 5510 5696 5952 5963 5983 6092 6322 6653 6740 6741 6761 6825 6918 7012 7036 7062 7114 7128 7425 7456 7561 7581 7857 7914 8079 8097 8101 8244 8333 8592 8636 8804 8838 8952 9063 9342 9393 9487 9504 9579 9584 9603 9700 9770 9797 9798 9819 9890 
94 110 188 267 389 426 438 612 688 705 923 1051 1166 1174 1175 1478 1511 1600 2044 2056 2071 2156 2224 2347 2396 2449 2816 2980 3155 3292 3384 3514 3548 3632 3657 3753 3759 3827 3835 3977 4037 4082 4104 4290 4357 4613 4829 4944 4996 5219 5222 5225 5351 5421 5722 5734 5762 5823 6003 6121 6281 6301 6494 6551 6621 6704 6823 7011 7022 7109 7267 7470 7548 7656 7706 7880 7925 7972 8144 8189 8336 8343 8430 8457 8535 8558 8820 8851 8875 9003 9062 9103 9123 9152 9442 9733 9788 9811 9813 9827 9841 9948 
95 77 137 155 192 203 389 487 599 804 824 1035 1063 1098 1179 1336 1361 1620 1659 1729 1984 2047 2062 2067 2096 2374 2405 2517 2534 2667 2768 2924 2996 3047 3178 3198 3287 3294 3382 3491 3531 3643 3826 3986 4010 4160 4331 4538 4706 4861 4933 5044 5229 5355 5370 5548 5647 5673 5815 5868 5888 5907 5946 5992 6037 6150 6260 6301 6413 6417 6526 6778 6882 6893 6917 7210 7284 7317 7336 7356 7372 7383 7416 7551 7663 7853 7978 7997 8038 8144 8157 8162 8173 8350 8510 8635 8648 8711 8754 8838 8902 9181 9216 9484 9504 9574 9575 9623 9641 9744 9837 9947 
96 32 201 364 423 424 469 490 641 644 879 985 1095 1140 1506 1595 1920 2035 2038 2380 2510 2602 2678 2994 3018 3046 3061 3077 3084 3157 3563 3684 3758 3958 4140 4251 4353 4394 4474 4500 4578 4722 4760 4829 4909 4914 4970 5030 5303 5308 5309 5323 5474 5512 5608 5707 5749 5793 5836 5845 5857 6115 6441 6444 6456 6477 6514 6761 6812 6847 6910 6955 7243 7417 7525 7558 7603 7632 7663 7679 7697 8079 8133 8142 8189 8216 8241 8275 8376 8392 8499 8507 8532 8585 8755 8939 8952 9156 9225 9418 9419 9436 9537 9546 9629 9668 9682 9842 9886 9951 
97 320 433 452 502 552 582 619 688 877 1079 1275 1949 2010 2087 2529 2661 2729 2849 2932 3019 3211 3376 3380 3406 3426 3452 3504 3510 3664 3788 3944 4372 4532 4552 4730 4760 4788 4928 4958 5017 5105 5259 5349 5644 5648 5690 5819 5853 5911 6042 6058 6095 6276 6317 6382 6405 6427 6533 6584 6587 6686 6744 6880 6901 6904 6944 6962 6964 7001 7141 7209 7282 7304 7373 7374 7532 7545 7678 7732 7792 7888 7902 7920 8119 8208 8399 8524 8607 8618 8660 8663 8874 9083 9106 9112 9215 9217 9252 9274 9701 9709 9831 9858 9966 
98 83 134 210 316 323 362 454 484 634 651 770 786 798 891 970 1235 1266 1454 1580 1670 1815 1851 1960 2036 2148 2246 2378 2402 2441 2497 2515 2532 2562 2604 2631 3023 3182 3319 3415 3575 3579 3625 3766 3785 3827 3938 4035 4046 4086 4342 4411 4561 4760 4905 5065 5165 5279 5363 5582 5877 5932 5941 6065 6129 6329 6455 6494 6496 6547 6612 6813 6868 7004 7209 7305 7453 7551 7601 7729 8005 8285 8329 8376 8379 8448 8482 8666 8856 8965 9122 9149 9381 9393 9421 9502 9625 9662 9813 
99 81 109 167 222 306 364 398 616 658 746 821 935 990 1099 1301 1405 1468 1623 1961 1986 2131 2297 2326 2428 2499 2503 2514 2534 2601 2679 2756 2766 3236 3248 3259 3444 3641 3696 3720 3886 3907 3970 3999 4236 4429 4479 4567 4579 4701 4825 4845 4912 5068 5084 5101 5250 5257 5265 5396 5418 5490 5538 5633 5643 5714 5720 5901 6047 6117 6135 6179 6202 6241 6259 6377 6591 6650 6760 6857 7129 7281 7285 7338 7370 7428 7509 7549 7617 8114 8241 8413 8492 8550 8787 8872 8875 8987 9051 9060 9190 9269 9469 9588 9770 9879 9929 
